[49.6507,2.30098,12.6501][0,0,0,1][1,1,1][0,0,0][0.933326,4.61668,12.1175]
[38.7509,2.89999,1.05007][0,0,0,1][1,1,1][0,0,0][11.2835,3.73343,0.516645]
[39.2004,0.950006,23.7505][0,0,0,1][1,1,1][0,0,0][11.7503,4.30003,0.299996]
[27.8508,1.25001,16.4509][0,0,0,1][1,1,1][0,0,0][0.233341,5.18345,8.53362]
[27.8524,2.45012,3.65001][0,0,0,1][1,1,1][0,0,0][0.233309,3.58345,2.2167]
[48.4507,2.54997,8.90025][0,0,0,1][1,1,1][0,0,0][1.03333,2.90009,2.33337]
[38.8013,0,11.6002][0,0,0,1][1,1,1][0,0,0][2.3,2.33339,1]
[47.6005,0.950003,21.7513][0,0,0,1][1,1,1][0,0,0][2.26667,1,1.26667]
[43.7505,1.20006,22.8005][0,0,0,1][1,1,1][0,0,0][1.78337,1.19997,1]
[36.7007,1.15008,23.0519][0,0,0,1][1,1,1][0,0,0][3.55007,1.18333,0.800001]
[42.8511,2.45005,13.5003][0,0,0,1][1,1,1][0,0,0][0.799997,2.68334,0.833324]
[40.1821,0.900019,8.58122][0,0.246167,0,0.969227][1,1,1][0,0,0][0.583319,1.06667,1.01667]
[37.6505,1.00001,8.15005][0,0,0,1][1,1,1][0,0,0][0.599998,1,0.666651]
[43.0341,2.30004,9.59649][0,-0.465619,0,0.884985][1,1,1][0,0,0][2.08336,2.41667,0.649988]
[34.6507,0.850006,16.6502][0,0,0,1][1,1,1][0,0,0][1.08334,1.21668,1.58336]
[27.3508,1.90011,17.3502][0,0,0,1][1,1,1][0,0,0][1.73334,1.90002,2.91669]
[29.4009,0.850041,18.3506][0,0,0,1][1,1,1][0,0,0][0.866666,1,1.11667]
[39.2511,1.20007,1.49997][0,0,0,1][1,1,1][0,0,0][2.80004,2.16667,1]
[34.0505,1.00001,1.35001][0,0,0,1][1,1,1][0,0,0][1.16667,1.0834,0.46666]
[39.4009,1.55,16.45][0,0,0,1][1,1,1][0,0,0][2.20002,0.133325,1.11666]
