[-0.550008,0.950021,0.70001][0,0,0,1][1,1,1][0,0,0][1.6167,1.08334,0.666611]
[-1.40009,0.900054,-1.65003][0,0,0,1][1,1,1][0,0,0][0.849998,1,0.899996]
[-3.55215,0.900031,-5.60027][0,0,0,1][1,1,1][0,0,0][0.983333,1,1.11667]
[-3.10003,1.25242,-8.10013][0,0,0,1][1,1,1][0,0,0][0.483331,1.28334,0.466659]
[-1.26779,2.05003,-11.5995][0,0.418659,0,0.908143][1,1,1][0,0,0][2.10001,2.10003,0.599989]
[6.1261,0.900013,-2.05712][0,-0.130526,0,0.991445][1,1,1][0,0,0][0.483144,1,1.33334]
[5.30128,0.350048,-6.25428][0,-0.309018,0,0.951056][1,1,1][0,0,0][1.61668,0.483349,1.90001]
[7.04825,2.10006,-4.90033][0,0,0,1][1,1,1][0,0,0][1.73335,2.30071,2.73099]
[2.90004,1.70022,-13.4502][0,0,0,1][1,1,1][0,0,0][2.00003,2.05003,0.683318]
[-3.15006,0.950014,-15.9503][0,0,0,1][1,1,1][0,0,0][1,1,1]
[-2.35006,1.05002,-18.6005][0,0,0,1][1,1,1][0,0,0][1.33337,1.11667,1]
[3.05007,0.600009,-14.6003][0,0,0,1][1,1,1][0,0,0][0.499901,1,0.583328]
[-3.00002,0.835596,-20.3058][0,0,0,1][1,1,1][0,0,0][0.633326,0.849998,0.466651]
[1.45003,0.950037,-22.2533][0,0,0,1][1,1,1][0,0,0][2.35112,1.35001,1.21667]
[9.00019,1.95003,-22.3515][0,0,0,1][1,1,1][0,0,0][2.36697,2.10001,0.799997]
[14.4025,0.055728,-20.6279][0.0224958,-0.465507,0.0133854,0.884657][1,1,1][0,0,0][1.93335,1,1]
[6.70095,2.30027,-23.2014][0,0,0,1][1,1,1][0,0,0][10.7003,2.60006,0.316657]
[-3.79994,2.40004,-19.1015][0,0,0,1][1,1,1][0,0,0][0.316657,2.78344,5.20009]
[16.5504,1.80003,-18.8505][0,0,0,1][1,1,1][0,0,0][0.29999,3.38337,5.21674]
[12.4005,2.10004,-14.1006][0,0,0,1][1,1,1][0,0,0][4.96676,2.48336,0.283321]
[0.350838,2.45002,-14.1023][0,0,0,1][1,1,1][0,0,0][4.86915,2.76696,0.233316]
[-3.80003,2.95017,-6.10009][0,0,0,1][1,1,1][0,0,0][0.333321,3.06674,9.73365]
[8.40019,2.35004,-5.15013][0,0,0,1][1,1,1][0,0,0][0.24997,2.4167,8.83357]
[-1.15002,2.55004,3.70016][0,0,0,1][1,1,1][0,0,0][3.10006,2.7177,0.215287]
[6.30013,2.55001,3.75006][0,0,0,1][1,1,1][0,0,0][2.18336,2.76676,0.333338]
[13.9785,1.54519,-15.2882][0,0,0,1][1,1,1][0,0,0][2.13893,0.216638,1.45001]