[-20.9111,2.00004,28.5884][0,0,0,1][1,1,1][0,0,0][3.11432,2.26932,1]
[-18.2004,2.10005,25.2006][0,0,0,1][1,1,1][0,0,0][0.149982,2.35002,3.00363]
[-18.1919,2.20003,15.3139][0,0,0,1][1,1,1][0,0,0][0.0833913,2.55002,4.68644]
[-18.3003,1.95005,10.6502][0,0,0,1][1,1,1][0,0,0][1,2.05002,1.21667]
[-23.7005,0.950014,10.9502][0,0,0,1][1,1,1][0,0,0][0.499974,1.13334,0.78333]
[-24.1531,2.10006,19.1506][0,0,0,1][1,1,1][0,0,0][0.133321,2.36671,9.40162]
[-18.6098,1.95043,3.59092][0,0,0,1][1,1,1][0,0,0][0.73333,2.05001,0.68321]
[-24.1506,2.05004,0.699988][0,0,0,1][1,1,1][0,0,0][0.115669,2.28335,6.85954]
[-17.9309,1.05002,-1.75004][0,0,0,1][1,1,1][0,0,0][1,1.2,2.01668]
[-23.5216,1.39493,-11.6013][0,0,0,1][1,1,1][0,0,0][0.633328,1.56669,1.08333]
[-18.6487,0.950014,-15.7407][0,0,0,1][1,1,1][0,0,0][1,1,2.20002]
[-19.3839,0,-21.534][0,0,0,1][1,1,1][0,0,0][1.3,1,1]
[-24.0038,1.80003,-26.5539][0,0,0,1][1,1,1][0,0,0][1,2.05001,1.21667]
[-24.3509,2.35004,-34.7511][0,0,0,1][1,1,1][0,0,0][1,2.36668,1.61667]
[-18.209,2.61651,-10.348][0,0,0,1][1,1,1][0,0,0][0.149877,2.75334,13.4825]
[-24.0994,2.30346,-12.2504][0,0,0,1][1,1,1][0,0,0][0.0833203,2.40422,3.88489]
[-24.1509,2.25004,-27.351][0,0,0,1][1,1,1][0,0,0][0.116652,2.60005,9.05021]
[-18.2004,2.10003,-31.1084][0,0,0,1][1,1,1][0,0,0][0.0666499,2.3835,5.10361]
[-18.9764,2.35004,-36.1168][0,0,0,1][1,1,1][0,0,0][1,2.4667,0.0833203]
