[-31.7012,2.15002,7.90009][0,0,0,1][1,1,1][0,0,0][1,2.35002,0.816658]
[-31.7009,0.95001,12.6502][0,0,0,1][1,1,1][0,0,0][1,1,1]
[-32.3534,2.20004,10.1027][0,0,0,1][1,1,1][0,0,0][1,1,1]
[-26.4031,2.35002,13.0021][0,0,0,1][1,1,1][0,0,0][1,2.41671,1]
[-25.6011,2.45014,6.65257][0,0,0,1][1,1,1][0,0,0][1.3,1.90001,0.233288]
[-28.4015,2.45002,13.3507][0,0,0,1][1,1,1][0,0,0][4.10017,2.71669,0.149992]
[-32.4007,2.70014,8.8501][0,0,0,1][1,1,1][0,0,0][0.349979,2.73341,5.01677]
[-28.8511,2.30012,4.00004][0,0,0,1][1,1,1][0,0,0][4.51675,2.65011,0.150002]
[-24.2007,2.20873,11.5996][0,0,0,1][1,1,1][0,0,0][0.266628,2.36671,1.88337]
[-24.2012,2.35002,5.70059][0,0,0,1][1,1,1][0,0,0][0.233326,2.48335,1.85007]
