[17.8238,2.12817,9.47396][0,0,0,1][1,1,1][0,0,0][1.08333,2.20002,1]
[20.439,0,4.24918][0,0,0,1][1,1,1][0,0,0][2.08335,2.77707,0.466659]
[12.6002,1.00001,6.75014][0,0,0,1][1,1,1][0,0,0][1.3,1,1]
[-9.15026,2.10005,9.40007][0,0,0,1][1,1,1][0,0,0][2.73337,2.28337,0.683329]
[-17.3497,2.15006,9.50019][0,0,0,1][1,1,1][0,0,0][0.933332,2.21671,1]
[-17.6505,1.25002,4.10018][0,0,0,1][1,1,1][0,0,0][0.64999,2.55005,1]
[-2.0398,1.20004,5.26321][0,-0.117537,0,0.993068][1,1,1][0,0,0][0.51666,1,1.28334]
[8.85017,1.00001,4.05013][0,0,0,1][1,1,1][0,0,0][1.18349,1,0.225127]
[27.7005,2.15003,9.29951][0,0,0,1][1,1,1][0,0,0][0.13332,2.58335,1.31669]
[27.7547,2.25003,4.65073][0,0,0,1][1,1,1][0,0,0][0.13332,2.35007,1.18334]
[15.9004,2.20003,3.85007][0,0,0,1][1,1,1][0,0,0][11.8176,2.46669,0.19804]
[-7.60032,2.4496,3.9022][0,0,0,1][1,1,1][0,0,0][9.53515,2.55002,0.0833154]
[17.2003,2.30003,9.85114][0,0,0,1][1,1,1][0,0,0][10.673,2.59128,0.116636]
[-6.61913,2.35004,9.92301][0,0,0,1][1,1,1][0,0,0][10.2669,2.45002,0.233323]
