[-11.5501,2.25002,25.6022][0,0,0,1][1,1,1][0,0,0][1.81668,0.533336,1.26667]
[-11.6004,1.40004,22.9007][0,0,0,1][1,1,1][0,0,0][0.699989,0.349994,0.583329]
[-10.1002,1.85002,17.8502][0,0,0,1][1,1,1][0,0,0][1,1.98335,1.3]
[-17.3505,0.900009,25.2507][0,0,0,1][1,1,1][0,0,0][0.599977,1,0.416639]
[-14.0003,2.39967,25.6505][0,0,0,1][1,1,1][0,0,0][4.01672,2.41669,0.183306]
[-10.0006,2.25005,21.2009][0,0,0,1][1,1,1][0,0,0][0.166659,2.40003,4.88343]
[-14.0008,1.95013,16.3509][0,0,0,1][1,1,1][0,0,0][4.11682,2.76669,0.116616]
[-18.1005,2.20009,18.0505][0,0,0,1][1,1,1][0,0,0][0.216769,2.35004,1.90002]
[-18.0504,2.15,24.2507][0,0,0,1][1,1,1][0,0,0][0.183327,2.46669,2.06668]
[-15.6509,1.70002,17.451][0,0,0,1][1,1,1][0,0,0][2.1834,0.316651,1.26665]

